1
8 4
2 6 9
8 5 9 3

215
193		124
117		237		442
218		935		0		235
320		804		522		417		345
229		0		723		835		133		124
248		202		0		0		207		0		0
359		464		504		528		516		716		871		182
461		441		426		656		0		560		380		171		923
381		348		573		533		447		632		387		176		975		0
223		711		445		645		245		543		931		532		0		0		444
330		0		333		928		377		0		15		778		0		168		0		0
131		171		522		0		217		224		291		413		528		520		0		0		928
223		626		28		0		0		0		627		310		713		999		629		817		410		121
924		622		0		0		325		0		721		218		253		0		0		0		230		124		0